61,52
61,51
61,50
61,49
61,48
61,47
61,46
61,45
61,44
61,43
61,42
61,41
61,40
61,39
61,38
61,37
61,36
61,35
3,2
3,1
3,3
10,250
10,138
10,178
10,266
10,132
10,216
56,4
56,3
56,2
56,1
10,154
56,0
55,3
55,2
10,30
55,1
55,0
54,3
11,22
11,4
54,2
54,1
54,0
53,5
9,2
53,4
53,3
53,2
53,1
53,0
8,15
52,4
52,3
8,18
8,9
8,4
52,2
52,1
52,0
50,5
8,7
8,2
8,3
50,4
50,3
50,2
50,1
50,0
47,5
47,4
47,3
47,2
47,1
47,0
45,5
45,4
45,3
45,1
43,5
43,3
43,1
41,4
41,3
41,1
36,5
36,3
36,1
33,3
33,1
20,3
20,2
20,1
19,3
19,2
19,1
12,3
12,2
12,1
11,20
11,18
11,16
11,14
11,12
11,8
11,3
11,2
11,1
10,294
10,290
